@  question2
======
Start
------------
# VM1
## Network
   eth0: 14747891025 27832234    0    0    0     0          0         0 15221042047 18799689    0    0    0     0       0          0
     lo: 12110233169 6463878    0    0    0     0          0         0 12110233169 6463878    0    0    0     0       0          0
## Disk
  253       0 vda 403503 39235 17073570 1230084 2079579 1188776 105156168 36058216 0 6861516 37286844
  253       1 vda1 403202 38750 17067282 1229936 1904922 1188776 105155352 34871540 0 5839416 36100140
# VM2
## Network
   eth0: 7254613596 10630963    0    0    0     0          0         0 6648271269 7702696    0    0    0     0       0          0
     lo: 3060957943  595182    0    0    0     0          0         0 3060957943  595182    0    0    0     0       0          0
## Disk
  253       0 vda 212851 6 7564266 617952 870873 481257 31046240 11171788 0 3492020 11789040
  253       1 vda1 212671 6 7562826 617944 751705 481257 31046232 10194456 0 2679236 10811800
# VM3
## Network
   eth0: 14711867061 21390417    0    0    0     0          0         0 7912883534 12774492    0    0    0     0       0          0
     lo: 8372915091 2540848    0    0    0     0          0         0 8372915091 2540848    0    0    0     0       0          0
## Disk
  253       0 vda 179286 3 4382490 537756 984215 708654 41435272 12703392 0 3485600 13240592
  253       1 vda1 179106 3 4381050 537744 866759 708654 41435264 11756128 0 2655312 12293384
# VM4
## Network
   eth0: 8985302606 11932198    0    0    0     0          0         0 6938588472 8087850    0    0    0     0       0          0
     lo: 5170955212  664394    0    0    0     0          0         0 5170955212  664394    0    0    0     0       0          0
## Disk
  253       0 vda 167246 3 4162226 479432 855753 480595 31778184 10502132 0 3208892 10980940
  253       1 vda1 167066 3 4160786 479392 738292 480595 31778176 9629284 0 2467596 10108116
# VM5
## Network
   eth0: 7224259237 10436111    0    0    0     0          0         0 5922387769 7474727    0    0    0     0       0          0
     lo: 1765318865  548350    0    0    0     0          0         0 1765318865  548350    0    0    0     0       0          0
## Disk
  253       0 vda 169270 6 4142818 501052 736670 431901 25333744 7743360 0 2511108 8243928
  253       1 vda1 169090 6 4141378 501020 635685 431901 25333736 6929984 0 1842120 7430580
End
------------
# VM1
## Network
   eth0: 15423029943 28327523    0    0    0     0          0         0 15360596139 19083089    0    0    0     0       0          0
     lo: 12459875634 6483389    0    0    0     0          0         0 12459875634 6483389    0    0    0     0       0          0
## Disk
  253       0 vda 419632 39235 17662250 1274116 2081741 1191544 105575440 36140620 1 6884172 37413264
  253       1 vda1 419331 38750 17655962 1273968 1906911 1191544 105574624 34952180 1 5860896 36224796
# VM2
## Network
   eth0: 7326881376 10753891    0    0    0     0          0         0 6839288251 7776604    0    0    0     0       0          0
     lo: 3068251731  596273    0    0    0     0          0         0 3068251731  596273    0    0    0     0       0          0
## Disk
  253       0 vda 217588 6 7677426 631024 871737 482347 31102328 11182496 0 3500984 11812820
  253       1 vda1 217408 6 7675986 631016 752404 482347 31102320 10203768 0 2687036 10834184
# VM3
## Network
   eth0: 14789000520 21525139    0    0    0     0          0         0 8143867007 12851327    0    0    0     0       0          0
     lo: 8394660135 2544468    0    0    0     0          0         0 8394660135 2544468    0    0    0     0       0          0
## Disk
  253       0 vda 184883 3 4517498 554984 985327 710048 41611432 12753652 0 3497588 13308076
  253       1 vda1 184703 3 4516058 554972 867707 710048 41611424 11804388 0 2666028 12358868
# VM4
## Network
   eth0: 9040302440 12033268    0    0    0     0          0         0 7111183259 8150769    0    0    0     0       0          0
     lo: 5176038972  664689    0    0    0     0          0         0 5176038972  664689    0    0    0     0       0          0
## Disk
  253       0 vda 171897 3 4275346 494552 856576 481547 31861720 10516580 0 3219548 11010504
  253       1 vda1 171717 3 4273906 494512 738951 481547 31861712 9641500 0 2476592 10135448
# VM5
## Network
   eth0: 7242116126 10510953    0    0    0     0          0         0 6079609086 7523590    0    0    0     0       0          0
     lo: 1765327429  548408    0    0    0     0          0         0 1765327429  548408    0    0    0     0       0          0
## Disk
  253       0 vda 174071 6 4255170 521768 737428 432722 25373928 7752388 0 2523408 8273668
  253       1 vda1 173891 6 4253730 521736 636274 432722 25373920 6937236 0 1853144 7458544
@  question2
======
Start
------------
# VM1
## Network
   eth0: 15423130108 28328020    0    0    0     0          0         0 15360694982 19083491    0    0    0     0       0          0
     lo: 12459908375 6483524    0    0    0     0          0         0 12459908375 6483524    0    0    0     0       0          0
## Disk
  253       0 vda 420946 39235 17757970 1274992 2081834 1191798 105579056 36141116 0 6885424 37414632
  253       1 vda1 420645 38750 17751682 1274844 1906997 1191798 105578240 34952632 0 5862124 36226120
# VM2
## Network
   eth0: 7326903890 10754029    0    0    0     0          0         0 6839315131 7776733    0    0    0     0       0          0
     lo: 3068254112  596292    0    0    0     0          0         0 3068254112  596292    0    0    0     0       0          0
## Disk
  253       0 vda 217588 6 7677426 631024 871757 482366 31102592 11182636 0 3501108 11812960
  253       1 vda1 217408 6 7675986 631016 752416 482366 31102584 10203808 0 2687076 10834224
# VM3
## Network
   eth0: 14789028300 21525347    0    0    0     0          0         0 8143912820 12851601    0    0    0     0       0          0
     lo: 8394660135 2544468    0    0    0     0          0         0 8394660135 2544468    0    0    0     0       0          0
## Disk
  253       0 vda 184883 3 4517498 554984 985396 710094 41612400 12754248 0 3497756 13308672
  253       1 vda1 184703 3 4516058 554972 867769 710094 41612392 11804856 0 2666068 12359336
# VM4
## Network
   eth0: 9040321864 12033375    0    0    0     0          0         0 7111204819 8150882    0    0    0     0       0          0
     lo: 5176038972  664689    0    0    0     0          0         0 5176038972  664689    0    0    0     0       0          0
## Disk
  253       0 vda 171897 3 4275346 494552 856615 481586 31862328 10516888 0 3219640 11010812
  253       1 vda1 171717 3 4273906 494512 738985 481586 31862320 9641756 0 2476664 10135704
# VM5
## Network
   eth0: 7242135399 10511058    0    0    0     0          0         0 6079630472 7523702    0    0    0     0       0          0
     lo: 1765327429  548408    0    0    0     0          0         0 1765327429  548408    0    0    0     0       0          0
## Disk
  253       0 vda 174071 6 4255170 521768 737440 432734 25374088 7752468 0 2523464 8273748
  253       1 vda1 173891 6 4253730 521736 636281 432734 25374080 6937264 0 1853172 7458572
End
------------
# VM1
## Network
   eth0: 15689363902 28742744    0    0    0     0          0         0 15774455069 19424217    0    0    0     0       0          0
     lo: 12614034321 6524581    0    0    0     0          0         0 12614034321 6524581    0    0    0     0       0          0
## Disk
  253       0 vda 438871 39235 18635690 1336228 2083737 1195476 106221016 36281256 0 6908824 37615992
  253       1 vda1 438570 38750 18629402 1336080 1908750 1195476 106220200 35091280 0 5884752 36425988
# VM2
## Network
   eth0: 7635533316 11179814    0    0    0     0          0         0 7121327325 8103560    0    0    0     0       0          0
     lo: 3123225132  630320    0    0    0     0          0         0 3123225132  630320    0    0    0     0       0          0
## Disk
  253       0 vda 222715 6 7795410 644600 872504 485406 31242088 11199752 0 3510140 11843648
  253       1 vda1 222535 6 7793970 644592 753091 485406 31242080 10219864 0 2695324 10863852
# VM3
## Network
   eth0: 15095250523 21941174    0    0    0     0          0         0 8413415316 13167596    0    0    0     0       0          0
     lo: 8446607024 2577118    0    0    0     0          0         0 8446607024 2577118    0    0    0     0       0          0
## Disk
  253       0 vda 189990 3 4634354 574192 986119 712756 41744712 12782444 0 3510308 13356068
  253       1 vda1 189810 3 4632914 574180 868423 712756 41744704 11831724 0 2677876 12405404
# VM4
## Network
   eth0: 9353147232 12447797    0    0    0     0          0         0 7362330602 8467962    0    0    0     0       0          0
     lo: 5225290343  695287    0    0    0     0          0         0 5225290343  695287    0    0    0     0       0          0
## Disk
  253       0 vda 177052 3 4392922 510020 857400 484396 32013712 10544472 0 3229716 11053860
  253       1 vda1 176872 3 4391482 509980 739693 484396 32013704 9668496 0 2486180 10177908
# VM5
## Network
   eth0: 7543507663 10915138    0    0    0     0          0         0 6328200290 7837269    0    0    0     0       0          0
     lo: 1812353201  580042    0    0    0     0          0         0 1812353201  580042    0    0    0     0       0          0
## Disk
  253       0 vda 179187 6 4373050 536556 738182 435427 25492576 7767872 0 2533188 8303940
  253       1 vda1 179007 6 4371610 536524 636947 435427 25492568 6951484 0 1861952 7487580
@  question2
======
Start
------------
# VM1
## Network
   eth0: 16121576004 29149489    0    0    0     0          0         0 16142894833 19537183    0    0    0     0       0          0
     lo: 13070542369 6555949    0    0    0     0          0         0 13070542369 6555949    0    0    0     0       0          0
## Disk
  253       0 vda 488744 39235 20502162 1448428 2092477 1202210 107348928 36574572 0 6984204 38021448
  253       1 vda1 488443 38750 20495874 1448280 1916347 1202210 107348112 35373292 0 5952044 36820140
# VM2
## Network
   eth0: 8005632994 11477005    0    0    0     0          0         0 7506141931 8172526    0    0    0     0       0          0
     lo: 4004875209  656940    0    0    0     0          0         0 4004875209  656940    0    0    0     0       0          0
## Disk
  253       0 vda 234975 6 8089490 676316 876755 489527 31916240 11315844 0 3540916 11991448
  253       1 vda1 234795 6 8088050 676308 756496 489527 31916232 10328424 0 2720312 11004120
# VM3
## Network
   eth0: 15158873585 22010589    0    0    0     0          0         0 8467934424 13197866    0    0    0     0       0          0
     lo: 8446624640 2577238    0    0    0     0          0         0 8446624640 2577238    0    0    0     0       0          0
## Disk
  253       0 vda 200865 3 4893674 608040 990053 715981 41898776 12827180 0 3537924 13434652
  253       1 vda1 200685 3 4892234 608028 871512 715981 41898768 11868216 0 2699280 12475744
# VM4
## Network
   eth0: 9354549664 12457774    0    0    0     0          0         0 7364442894 8478413    0    0    0     0       0          0
     lo: 5225307959  695407    0    0    0     0          0         0 5225307959  695407    0    0    0     0       0          0
## Disk
  253       0 vda 186507 3 4622234 541404 861108 487439 32067840 10569332 0 3258272 11110092
  253       1 vda1 186327 3 4620794 541364 742564 487439 32067832 9684184 0 2508084 10224968
# VM5
## Network
   eth0: 7544880512 10925016    0    0    0     0          0         0 6330305768 7847712    0    0    0     0       0          0
     lo: 1812370785  580162    0    0    0     0          0         0 1812370785  580162    0    0    0     0       0          0
## Disk
  253       0 vda 188766 6 4602706 573168 741569 438042 25539936 7793252 0 2560892 8365928
  253       1 vda1 188586 6 4601266 573136 639489 438042 25539928 6969548 0 1884116 7542256
@  question2
======
Start
------------
# VM1
## Network
   eth0: 16132199278 29179187    0    0    0     0          0         0 16212177511 19555064    0    0    0     0       0          0
     lo: 13135187243 6561017    0    0    0     0          0         0 13135187243 6561017    0    0    0     0       0          0
## Disk
  253       0 vda 498985 39235 20992578 1479696 2092977 1203037 107361160 36583488 0 6996848 38061628
  253       1 vda1 498684 38750 20986290 1479548 1916758 1203037 107360344 35381496 0 5964212 36859608
# VM2
## Network
   eth0: 8011963724 11482310    0    0    0     0          0         0 7506632457 8175550    0    0    0     0       0          0
     lo: 4004897006  657106    0    0    0     0          0         0 4004897006  657106    0    0    0     0       0          0
## Disk
  253       0 vda 239672 6 8201938 691500 876976 489824 31921296 11317792 0 3547932 12008576
  253       1 vda1 239492 6 8200498 691492 756672 489824 31921288 10329816 0 2727056 11020692
# VM3
## Network
   eth0: 15220586341 22057876    0    0    0     0          0         0 8481231539 13205096    0    0    0     0       0          0
     lo: 8455981971 2577892    0    0    0     0          0         0 8455981971 2577892    0    0    0     0       0          0
## Disk
  253       0 vda 206568 3 5028610 624068 990279 716573 41906320 12828384 0 3546476 13451864
  253       1 vda1 206388 3 5027170 624056 871692 716573 41906312 11869108 0 2707636 12492644
# VM4
## Network
   eth0: 9361596750 12463464    0    0    0     0          0         0 7364901612 8481524    0    0    0     0       0          0
     lo: 5225316311  695463    0    0    0     0          0         0 5225316311  695463    0    0    0     0       0          0
## Disk
  253       0 vda 191208 3 4734602 556600 861370 487749 32073664 10571380 0 3265352 11127320
  253       1 vda1 191028 3 4733162 556560 742782 487749 32073656 9685744 0 2514892 10241708
# VM5
## Network
   eth0: 7552642575 10931222    0    0    0     0          0         0 6330805820 7851068    0    0    0     0       0          0
     lo: 1812388986  580273    0    0    0     0          0         0 1812388986  580273    0    0    0     0       0          0
## Disk
  253       0 vda 193505 6 4715754 588804 741781 438336 25544896 7794900 0 2569192 8383212
  253       1 vda1 193325 6 4714314 588772 639658 438336 25544888 6970696 0 1892136 7559040
End
------------
# VM1
## Network
   eth0: 16417351141 29622100    0    0    0     0          0         0 16589970093 19894774    0    0    0     0       0          0
     lo: 13270169236 6601633    0    0    0     0          0         0 13270169236 6601633    0    0    0     0       0          0
## Disk
  253       0 vda 508673 39235 21465506 1509516 2094411 1206942 107606552 36672200 0 7011772 38180156
  253       1 vda1 508372 38750 21459218 1509368 1918045 1206942 107605736 35468756 0 5978236 36976684
# VM2
## Network
   eth0: 8319605878 11903015    0    0    0     0          0         0 7784060173 8506598    0    0    0     0       0          0
     lo: 4059121100  693675    0    0    0     0          0         0 4059121100  693675    0    0    0     0       0          0
## Disk
  253       0 vda 244067 6 8298938 704396 877656 492397 32029752 11329020 0 3555664 12032676
  253       1 vda1 243887 6 8297498 704388 757277 492397 32029744 10340236 0 2734136 11043988
# VM3
## Network
   eth0: 15551842921 22493648    0    0    0     0          0         0 8769784051 13519565    0    0    0     0       0          0
     lo: 8514348609 2609757    0    0    0     0          0         0 8514348609 2609757    0    0    0     0       0          0
## Disk
  253       0 vda 212027 3 5148346 640444 991043 719404 42076696 12851352 0 3555332 13491204
  253       1 vda1 211847 3 5146906 640432 872381 719404 42076688 11891600 0 2716112 12531508
# VM4
## Network
   eth0: 9649073079 12851325    0    0    0     0          0         0 7606367317 8785878    0    0    0     0       0          0
     lo: 5267703263  725526    0    0    0     0          0         0 5267703263  725526    0    0    0     0       0          0
## Disk
  253       0 vda 195559 3 4830946 570296 862058 490272 32173736 10582572 0 3272600 11152208
  253       1 vda1 195379 3 4829506 570256 743396 490272 32173728 9696400 0 2521756 10266060
# VM5
## Network
   eth0: 7837671245 11328476    0    0    0     0          0         0 6600900430 8167436    0    0    0     0       0          0
     lo: 1860716104  612115    0    0    0     0          0         0 1860716104  612115    0    0    0     0       0          0
## Disk
  253       0 vda 197942 6 4814226 606748 742514 440865 25647320 7810184 0 2578644 8416436
  253       1 vda1 197762 6 4812786 606716 640317 440865 25647312 6984852 0 1900796 7591136
