@  question3
======
Start
------------
# VM1
## Network
   eth0: 16439851972 29683797    0    0    0     0          0         0 16591681353 19916175    0    0    0     0       0          0
     lo: 13271201671 6606915    0    0    0     0          0         0 13271201671 6606915    0    0    0     0       0          0
## Disk
  253       0 vda 509293 39235 21484578 1511036 2095685 1208364 107627656 36682076 0 7016800 38191552
  253       1 vda1 508992 38750 21478290 1510888 1919059 1208364 107626840 35476364 0 5981252 36985812
# VM2
## Network
   eth0: 8319865479 11904836    0    0    0     0          0         0 7784410683 8508210    0    0    0     0       0          0
     lo: 4059165518  694030    0    0    0     0          0         0 4059165518  694030    0    0    0     0       0          0
## Disk
  253       0 vda 244648 6 8317322 705624 878223 492972 32038672 11333516 0 3558288 12038400
  253       1 vda1 244468 6 8315882 705616 757706 492972 32038664 10343728 0 2735976 11048708
# VM3
## Network
   eth0: 15552178960 22496739    0    0    0     0          0         0 8770455260 13523745    0    0    0     0       0          0
     lo: 8514348609 2609757    0    0    0     0          0         0 8514348609 2609757    0    0    0     0       0          0
## Disk
  253       0 vda 212608 3 5166730 641412 991603 720074 42086344 12856096 0 3558556 13496916
  253       1 vda1 212428 3 5165290 641400 872804 720074 42086336 11894756 0 2718168 12535632
# VM4
## Network
   eth0: 9649290647 12852766    0    0    0     0          0         0 7606623622 8787351    0    0    0     0       0          0
     lo: 5267703263  725526    0    0    0     0          0         0 5267703263  725526    0    0    0     0       0          0
## Disk
  253       0 vda 196135 3 4849290 571624 862622 490770 32181992 10586128 0 3275304 11157092
  253       1 vda1 195955 3 4847850 571584 743823 490770 32181984 9698788 0 2523632 10269776
# VM5
## Network
   eth0: 7837872485 11329905    0    0    0     0          0         0 6601156630 8168911    0    0    0     0       0          0
     lo: 1860716104  612115    0    0    0     0          0         0 1860716104  612115    0    0    0     0       0          0
## Disk
  253       0 vda 198518 6 4832570 608216 743064 441478 25656400 7813728 0 2581112 8421444
  253       1 vda1 198338 6 4831130 608184 640728 441478 25656392 6987504 0 1902556 7595252
End
------------
# VM1
## Network
   eth0: 16608136750 29945736    0    0    0     0          0         0 16826361682 20127994    0    0    0     0       0          0
     lo: 13399138074 6636105    0    0    0     0          0         0 13399138074 6636105    0    0    0     0       0          0
## Disk
  253       0 vda 519035 39235 21957466 1574892 2096661 1212384 107783144 36710012 0 7031528 38283340
  253       1 vda1 518734 38750 21951178 1574744 1919905 1212384 107782328 35502712 0 5995076 37076012
# VM2
## Network
   eth0: 8516472597 12169609    0    0    0     0          0         0 7951536377 8702575    0    0    0     0       0          0
     lo: 4098641699  715801    0    0    0     0          0         0 4098641699  715801    0    0    0     0       0          0
## Disk
  253       0 vda 250031 6 8436402 720416 878796 496092 32179632 11358220 0 3566688 12077896
  253       1 vda1 249851 6 8434962 720408 758213 496092 32179624 10367892 0 2743992 11087664
# VM3
## Network
   eth0: 15662947190 22660719    0    0    0     0          0         0 8861228865 13655958    0    0    0     0       0          0
     lo: 8524624328 2620900    0    0    0     0          0         0 8524624328 2620900    0    0    0     0       0          0
## Disk
  253       0 vda 217098 3 5264258 660540 992022 722630 42124928 12859276 0 3568608 13519220
  253       1 vda1 216918 3 5262818 660528 873157 722630 42124920 11897400 0 2727836 12557400
# VM4
## Network
   eth0: 9833160003 13109765    0    0    0     0          0         0 7771112543 8988629    0    0    0     0       0          0
     lo: 5307592671  748758    0    0    0     0          0         0 5307592671  748758    0    0    0     0       0          0
## Disk
  253       0 vda 201521 3 4968714 587996 863210 493559 32295904 10601960 0 3284376 11189288
  253       1 vda1 201341 3 4967274 587956 744345 493559 32295896 9714208 0 2532424 10301560
# VM5
## Network
   eth0: 8013821363 11572641    0    0    0     0          0         0 6753464773 8352977    0    0    0     0       0          0
     lo: 1893559573  631953    0    0    0     0          0         0 1893559573  631953    0    0    0     0       0          0
## Disk
  253       0 vda 204028 6 4952610 625924 743619 444472 25762560 7832000 0 2590380 8457424
  253       1 vda1 203848 6 4951170 625892 641217 444472 25762552 7005300 0 1911460 7630756
