@  question1
======
Start
------------
# VM1
## Network
   eth0: 15696906926 28762245    0    0    0     0          0         0 15775006805 19431146    0    0    0     0       0          0
     lo: 12614354178 6526620    0    0    0     0          0         0 12614354178 6526620    0    0    0     0       0          0
## Disk
  253       0 vda 439223 39235 18643330 1337360 2084372 1196020 106248928 36306204 0 6911016 37642072
  253       1 vda1 438922 38750 18637042 1337212 1909288 1196020 106248112 35115480 0 5886244 36451320
# VM2
## Network
   eth0: 7635637772 11180518    0    0    0     0          0         0 7121465185 8104201    0    0    0     0       0          0
     lo: 3123241747  630452    0    0    0     0          0         0 3123241747  630452    0    0    0     0       0          0
## Disk
  253       0 vda 223300 6 7813826 645932 872729 485628 31245632 11201340 0 3511668 11846568
  253       1 vda1 223120 6 7812386 645924 753267 485628 31245624 10221012 0 2696500 10866332
# VM3
## Network
   eth0: 15095374151 21942328    0    0    0     0          0         0 8413649881 13169093    0    0    0     0       0          0
     lo: 8446607024 2577118    0    0    0     0          0         0 8446607024 2577118    0    0    0     0       0          0
## Disk
  253       0 vda 190576 3 4652778 575308 986438 713120 41750304 12785824 0 3512168 13360564
  253       1 vda1 190396 3 4651338 575296 868693 713120 41750296 11834348 0 2679136 12409144
# VM4
## Network
   eth0: 9353228942 12448333    0    0    0     0          0         0 7362427138 8468513    0    0    0     0       0          0
     lo: 5225290571  695289    0    0    0     0          0         0 5225290571  695289    0    0    0     0       0          0
## Disk
  253       0 vda 177640 3 4411362 511780 857634 484645 32017624 10546448 0 3231456 11057596
  253       1 vda1 177460 3 4409922 511740 739879 484645 32017616 9669884 0 2487448 10181056
# VM5
## Network
   eth0: 7543575960 10915661    0    0    0     0          0         0 6328297568 7837816    0    0    0     0       0          0
     lo: 1812353201  580042    0    0    0     0          0         0 1812353201  580042    0    0    0     0       0          0
## Disk
  253       0 vda 179767 6 4391426 539432 738359 435563 25494992 7768984 0 2534864 8307928
  253       1 vda1 179587 6 4389986 539400 637076 435563 25494984 6952144 0 1863244 7491116
End
------------
# VM1
## Network
   eth0: 16083753845 29072758    0    0    0     0          0         0 16025784653 19491531    0    0    0     0       0          0
     lo: 13068190821 6545461    0    0    0     0          0         0 13068190821 6545461    0    0    0     0       0          0
## Disk
  253       0 vda 448237 39235 19082146 1365940 2086116 1197580 106583032 36375872 0 6926688 37740316
  253       1 vda1 447936 38750 19075858 1365792 1910791 1197580 106582216 35182712 0 5900328 36547128
# VM2
## Network
   eth0: 7895888033 11391835    0    0    0     0          0         0 7486005764 8153806    0    0    0     0       0          0
     lo: 3261151488  634974    0    0    0     0          0         0 3261151488  634974    0    0    0     0       0          0
## Disk
  253       0 vda 229212 6 7951338 661996 873905 486833 31485896 11244036 0 3524112 11905328
  253       1 vda1 229032 6 7949898 661988 754244 486833 31485888 10261144 0 2707136 10922528
# VM3
## Network
   eth0: 15095986746 21947468    0    0    0     0          0         0 8414877114 13176045    0    0    0     0       0          0
     lo: 8446615604 2577176    0    0    0     0          0         0 8446615604 2577176    0    0    0     0       0          0
## Disk
  253       0 vda 195190 3 4758562 591912 987514 713867 41765688 12792252 0 3522200 13383600
  253       1 vda1 195010 3 4757122 591900 869570 713867 41765680 11838608 0 2687568 12430012
# VM4
## Network
   eth0: 9353649115 12451090    0    0    0     0          0         0 7363071686 8471427    0    0    0     0       0          0
     lo: 5225299151  695347    0    0    0     0          0         0 5225299151  695347    0    0    0     0       0          0
## Disk
  253       0 vda 182131 3 4517138 528132 858542 485378 32031208 10553584 0 3242468 11081080
  253       1 vda1 181951 3 4515698 528092 740591 485378 32031200 9674496 0 2496852 10202016
# VM5
## Network
   eth0: 7543980736 10918369    0    0    0     0          0         0 6328939348 7840729    0    0    0     0       0          0
     lo: 1812361765  580100    0    0    0     0          0         0 1812361765  580100    0    0    0     0       0          0
## Disk
  253       0 vda 184407 6 4497642 556536 739211 436221 25507352 7775856 0 2545092 8331904
  253       1 vda1 184227 6 4496202 556504 637726 436221 25507344 6957108 0 1872228 7513184
@  question1
======
Start
------------
# VM1
## Network
   eth0: 16089419621 29092343    0    0    0     0          0         0 16027178475 19501612    0    0    0     0       0          0
     lo: 13068846723 6549261    0    0    0     0          0         0 13068846723 6549261    0    0    0     0       0          0
## Disk
  253       0 vda 463712 39235 19568298 1392964 2089082 1199820 106951008 36464908 1 6949908 37856356
  253       1 vda1 463411 38750 19562010 1392816 1913351 1199820 106950192 35267336 1 5920436 36658756
# VM2
## Network
   eth0: 7896382174 11395896    0    0    0     0          0         0 7486728003 8157494    0    0    0     0       0          0
     lo: 3261258861  635831    0    0    0     0          0         0 3261258861  635831    0    0    0     0       0          0
## Disk
  253       0 vda 229297 6 7953562 662212 875070 487731 31501312 11249300 0 3528320 11910808
  253       1 vda1 229117 6 7952122 662204 755083 487731 31501304 10263868 0 2709276 10925468
# VM3
## Network
   eth0: 15096695329 21954506    0    0    0     0          0         0 8416397564 13185812    0    0    0     0       0          0
     lo: 8446616060 2577180    0    0    0     0          0         0 8446616060 2577180    0    0    0     0       0          0
## Disk
  253       0 vda 195209 3 4760042 591964 988741 714839 41782360 12802320 0 3526868 13393720
  253       1 vda1 195029 3 4758602 591952 870473 714839 41782352 11845808 0 2690044 12437264
# VM4
## Network
   eth0: 9354045429 12454322    0    0    0     0          0         0 7363662109 8474770    0    0    0     0       0          0
     lo: 5225299379  695349    0    0    0     0          0         0 5225299379  695349    0    0    0     0       0          0
## Disk
  253       0 vda 182216 3 4519362 528464 859847 486436 32049328 10561664 0 3248204 11089492
  253       1 vda1 182036 3 4517922 528424 741572 486436 32049320 9679036 0 2499832 10206888
# VM5
## Network
   eth0: 7544374742 10921574    0    0    0     0          0         0 6329526116 7844067    0    0    0     0       0          0
     lo: 1812362221  580104    0    0    0     0          0         0 1812362221  580104    0    0    0     0       0          0
## Disk
  253       0 vda 184426 6 4499122 556576 740402 437151 25523304 7783592 0 2550044 8339676
  253       1 vda1 184246 6 4497682 556544 638591 437151 25523296 6962256 0 1875100 7518372
End
------------
# VM1
## Network
   eth0: 16111191812 29120529    0    0    0     0          0         0 16142017291 19527051    0    0    0     0       0          0
     lo: 13070090557 6552769    0    0    0     0          0         0 13070090557 6552769    0    0    0     0       0          0
## Disk
  253       0 vda 483806 39235 20360690 1442316 2091646 1201452 107317360 36562080 0 6977896 38002848
  253       1 vda1 483505 38750 20354402 1442168 1915645 1201452 107316544 35361916 0 5946640 36802656
# VM2
## Network
   eth0: 8005522631 11476149    0    0    0     0          0         0 7505985885 8171735    0    0    0     0       0          0
     lo: 4004853448  656765    0    0    0     0          0         0 4004853448  656765    0    0    0     0       0          0
## Disk
  253       0 vda 234974 6 8089482 676308 876479 489318 31912408 11314432 0 3540100 11990028
  253       1 vda1 234794 6 8088042 676300 756284 489318 31912400 10327356 0 2719788 11003044
# VM3
## Network
   eth0: 15158713464 22009114    0    0    0     0          0         0 8467611731 13195848    0    0    0     0       0          0
     lo: 8446624640 2577238    0    0    0     0          0         0 8446624640 2577238    0    0    0     0       0          0
## Disk
  253       0 vda 200858 3 4893618 608004 989752 715719 41894224 12825772 0 3536948 13433208
  253       1 vda1 200678 3 4892178 607992 871272 715719 41894216 11867304 0 2698668 12474796
# VM4
## Network
   eth0: 9354461335 12457099    0    0    0     0          0         0 7364319108 8477721    0    0    0     0       0          0
     lo: 5225307959  695407    0    0    0     0          0         0 5225307959  695407    0    0    0     0       0          0
## Disk
  253       0 vda 186506 3 4622226 541400 860817 487205 32063680 10567676 0 3257404 11108432
  253       1 vda1 186326 3 4620786 541360 742336 487205 32063672 9683044 0 2507552 10223824
# VM5
## Network
   eth0: 7544787606 10924343    0    0    0     0          0         0 6330180410 7847012    0    0    0     0       0          0
     lo: 1812370785  580162    0    0    0     0          0         0 1812370785  580162    0    0    0     0       0          0
## Disk
  253       0 vda 188760 6 4602658 573136 741288 437832 25536128 7791676 0 2559936 8364320
  253       1 vda1 188580 6 4601218 573104 639271 437832 25536120 6968496 0 1883604 7541172
